structure(list(MarkerSuite = c("Chum_AHRP_257_v1.3.0", "Chum_AHRP_257_v1.3.0", 
"Chum_AHRP_257_v1.3.0", "Chum_AHRP_257_v1.3.0", "Chum_AHRP_257_v1.3.0", 
"Chum_AHRP_257_v1.3.0", "Chum_AHRP_257_v1.3.0", "Chum_AHRP_257_v1.3.0", 
"Chum_AHRP_257_v1.3.0", "Chum_AHRP_257_v1.3.0", "Chum_AHRP_257_v1.3.0", 
"Chum_AHRP_257_v1.3.0", "Chum_AHRP_257_v1.3.0", "Chum_AHRP_257_v1.3.0", 
"Chum_AHRP_257_v1.3.0", "Chum_AHRP_257_v1.3.0", "Chum_AHRP_257_v1.3.0", 
"Chum_AHRP_257_v1.3.0", "Chum_AHRP_257_v1.3.0", "Chum_AHRP_257_v1.3.0", 
"Chum_AHRP_257_v1.3.0", "Chum_AHRP_257_v1.3.0", "Chum_AHRP_257_v1.3.0", 
"Chum_AHRP_257_v1.3.0", "Chum_AHRP_257_v1.3.0", "Chum_AHRP_257_v1.3.0", 
"Chum_AHRP_257_v1.3.0", "Chum_AHRP_257_v1.3.0", "Chum_AHRP_257_v1.3.0", 
"Chum_AHRP_257_v1.3.0", "Chum_AHRP_257_v1.3.0", "Chum_AHRP_257_v1.3.0", 
"Chum_AHRP_257_v1.3.0", "Chum_AHRP_257_v1.3.0", "Chum_AHRP_257_v1.3.0", 
"Chum_AHRP_257_v1.3.0", "Chum_AHRP_257_v1.3.0", "Chum_AHRP_257_v1.3.0", 
"Chum_AHRP_257_v1.3.0", "Chum_AHRP_257_v1.3.0", "Chum_AHRP_257_v1.3.0", 
"Chum_AHRP_257_v1.3.0", "Chum_AHRP_257_v1.3.0", "Chum_AHRP_257_v1.3.0", 
"Chum_AHRP_257_v1.3.0", "Chum_AHRP_257_v1.3.0", "Chum_AHRP_257_v1.3.0", 
"Chum_AHRP_257_v1.3.0", "Chum_AHRP_257_v1.3.0", "Chum_AHRP_257_v1.3.0", 
"Chum_AHRP_257_v1.3.0", "Chum_AHRP_257_v1.3.0", "Chum_AHRP_257_v1.3.0", 
"Chum_AHRP_257_v1.3.0", "Chum_AHRP_257_v1.3.0", "Chum_AHRP_257_v1.3.0", 
"Chum_AHRP_257_v1.3.0", "Chum_AHRP_257_v1.3.0", "Chum_AHRP_257_v1.3.0", 
"Chum_AHRP_257_v1.3.0", "Chum_AHRP_257_v1.3.0", "Chum_AHRP_257_v1.3.0", 
"Chum_AHRP_257_v1.3.0", "Chum_AHRP_257_v1.3.0", "Chum_AHRP_257_v1.3.0", 
"Chum_AHRP_257_v1.3.0", "Chum_AHRP_257_v1.3.0", "Chum_AHRP_257_v1.3.0", 
"Chum_AHRP_257_v1.3.0", "Chum_AHRP_257_v1.3.0", "Chum_AHRP_257_v1.3.0", 
"Chum_AHRP_257_v1.3.0", "Chum_AHRP_257_v1.3.0", "Chum_AHRP_257_v1.3.0", 
"Chum_AHRP_257_v1.3.0", "Chum_AHRP_257_v1.3.0", "Chum_AHRP_257_v1.3.0", 
"Chum_AHRP_257_v1.3.0", "Chum_AHRP_257_v1.3.0", "Chum_AHRP_257_v1.3.0", 
"Chum_AHRP_257_v1.3.0", "Chum_AHRP_257_v1.3.0", "Chum_AHRP_257_v1.3.0", 
"Chum_AHRP_257_v1.3.0", "Chum_AHRP_257_v1.3.0", "Chum_AHRP_257_v1.3.0", 
"Chum_AHRP_257_v1.3.0", "Chum_AHRP_257_v1.3.0", "Chum_AHRP_257_v1.3.0", 
"Chum_AHRP_257_v1.3.0", "Chum_AHRP_257_v1.3.0", "Chum_AHRP_257_v1.3.0", 
"Chum_AHRP_257_v1.3.0", "Chum_AHRP_257_v1.3.0", "Chum_AHRP_257_v1.3.0", 
"Chum_AHRP_257_v1.3.0", "Chum_AHRP_257_v1.3.0", "Chum_AHRP_257_v1.3.0", 
"Chum_AHRP_257_v1.3.0", "Chum_AHRP_257_v1.3.0", "Chum_AHRP_257_v1.3.0", 
"Chum_AHRP_257_v1.3.0", "Chum_AHRP_257_v1.3.0", "Chum_AHRP_257_v1.3.0", 
"Chum_AHRP_257_v1.3.0", "Chum_AHRP_257_v1.3.0", "Chum_AHRP_257_v1.3.0", 
"Chum_AHRP_257_v1.3.0", "Chum_AHRP_257_v1.3.0", "Chum_AHRP_257_v1.3.0", 
"Chum_AHRP_257_v1.3.0", "Chum_AHRP_257_v1.3.0", "Chum_AHRP_257_v1.3.0", 
"Chum_AHRP_257_v1.3.0", "Chum_AHRP_257_v1.3.0", "Chum_AHRP_257_v1.3.0", 
"Chum_AHRP_257_v1.3.0", "Chum_AHRP_257_v1.3.0", "Chum_AHRP_257_v1.3.0", 
"Chum_AHRP_257_v1.3.0", "Chum_AHRP_257_v1.3.0", "Chum_AHRP_257_v1.3.0", 
"Chum_AHRP_257_v1.3.0", "Chum_AHRP_257_v1.3.0", "Chum_AHRP_257_v1.3.0", 
"Chum_AHRP_257_v1.3.0", "Chum_AHRP_257_v1.3.0", "Chum_AHRP_257_v1.3.0", 
"Chum_AHRP_257_v1.3.0", "Chum_AHRP_257_v1.3.0", "Chum_AHRP_257_v1.3.0", 
"Chum_AHRP_257_v1.3.0", "Chum_AHRP_257_v1.3.0", "Chum_AHRP_257_v1.3.0", 
"Chum_AHRP_257_v1.3.0", "Chum_AHRP_257_v1.3.0", "Chum_AHRP_257_v1.3.0", 
"Chum_AHRP_257_v1.3.0", "Chum_AHRP_257_v1.3.0", "Chum_AHRP_257_v1.3.0", 
"Chum_AHRP_257_v1.3.0", "Chum_AHRP_257_v1.3.0", "Chum_AHRP_257_v1.3.0", 
"Chum_AHRP_257_v1.3.0", "Chum_AHRP_257_v1.3.0", "Chum_AHRP_257_v1.3.0", 
"Chum_AHRP_257_v1.3.0", "Chum_AHRP_257_v1.3.0", "Chum_AHRP_257_v1.3.0", 
"Chum_AHRP_257_v1.3.0", "Chum_AHRP_257_v1.3.0", "Chum_AHRP_257_v1.3.0", 
"Chum_AHRP_257_v1.3.0", "Chum_AHRP_257_v1.3.0", "Chum_AHRP_257_v1.3.0", 
"Chum_AHRP_257_v1.3.0", "Chum_AHRP_257_v1.3.0", "Chum_AHRP_257_v1.3.0", 
"Chum_AHRP_257_v1.3.0", "Chum_AHRP_257_v1.3.0", "Chum_AHRP_257_v1.3.0", 
"Chum_AHRP_257_v1.3.0", "Chum_AHRP_257_v1.3.0", "Chum_AHRP_257_v1.3.0", 
"Chum_AHRP_257_v1.3.0", "Chum_AHRP_257_v1.3.0", "Chum_AHRP_257_v1.3.0", 
"Chum_AHRP_257_v1.3.0", "Chum_AHRP_257_v1.3.0", "Chum_AHRP_257_v1.3.0", 
"Chum_AHRP_257_v1.3.0", "Chum_AHRP_257_v1.3.0", "Chum_AHRP_257_v1.3.0", 
"Chum_AHRP_257_v1.3.0", "Chum_AHRP_257_v1.3.0", "Chum_AHRP_257_v1.3.0", 
"Chum_AHRP_257_v1.3.0", "Chum_AHRP_257_v1.3.0", "Chum_AHRP_257_v1.3.0", 
"Chum_AHRP_257_v1.3.0", "Chum_AHRP_257_v1.3.0", "Chum_AHRP_257_v1.3.0", 
"Chum_AHRP_257_v1.3.0", "Chum_AHRP_257_v1.3.0", "Chum_AHRP_257_v1.3.0", 
"Chum_AHRP_257_v1.3.0", "Chum_AHRP_257_v1.3.0", "Chum_AHRP_257_v1.3.0", 
"Chum_AHRP_257_v1.3.0", "Chum_AHRP_257_v1.3.0", "Chum_AHRP_257_v1.3.0", 
"Chum_AHRP_257_v1.3.0", "Chum_AHRP_257_v1.3.0", "Chum_AHRP_257_v1.3.0", 
"Chum_AHRP_257_v1.3.0", "Chum_AHRP_257_v1.3.0", "Chum_AHRP_257_v1.3.0", 
"Chum_AHRP_257_v1.3.0", "Chum_AHRP_257_v1.3.0", "Chum_AHRP_257_v1.3.0", 
"Chum_AHRP_257_v1.3.0", "Chum_AHRP_257_v1.3.0", "Chum_AHRP_257_v1.3.0", 
"Chum_AHRP_257_v1.3.0", "Chum_AHRP_257_v1.3.0", "Chum_AHRP_257_v1.3.0", 
"Chum_AHRP_257_v1.3.0", "Chum_AHRP_257_v1.3.0", "Chum_AHRP_257_v1.3.0", 
"Chum_AHRP_257_v1.3.0", "Chum_AHRP_257_v1.3.0", "Chum_AHRP_257_v1.3.0", 
"Chum_AHRP_257_v1.3.0", "Chum_AHRP_257_v1.3.0", "Chum_AHRP_257_v1.3.0", 
"Chum_AHRP_257_v1.3.0", "Chum_AHRP_257_v1.3.0", "Chum_AHRP_257_v1.3.0", 
"Chum_AHRP_257_v1.3.0", "Chum_AHRP_257_v1.3.0", "Chum_AHRP_257_v1.3.0", 
"Chum_AHRP_257_v1.3.0", "Chum_AHRP_257_v1.3.0", "Chum_AHRP_257_v1.3.0", 
"Chum_AHRP_257_v1.3.0", "Chum_AHRP_257_v1.3.0", "Chum_AHRP_257_v1.3.0", 
"Chum_AHRP_257_v1.3.0", "Chum_AHRP_257_v1.3.0", "Chum_AHRP_257_v1.3.0", 
"Chum_AHRP_257_v1.3.0", "Chum_AHRP_257_v1.3.0", "Chum_AHRP_257_v1.3.0", 
"Chum_AHRP_257_v1.3.0", "Chum_AHRP_257_v1.3.0", "Chum_AHRP_257_v1.3.0", 
"Chum_AHRP_257_v1.3.0", "Chum_AHRP_257_v1.3.0", "Chum_AHRP_257_v1.3.0", 
"Chum_AHRP_257_v1.3.0", "Chum_AHRP_257_v1.3.0", "Chum_AHRP_257_v1.3.0", 
"Chum_AHRP_257_v1.3.0", "Chum_AHRP_257_v1.3.0", "Chum_AHRP_257_v1.3.0", 
"Chum_AHRP_257_v1.3.0", "Chum_AHRP_257_v1.3.0", "Chum_AHRP_257_v1.3.0", 
"Chum_AHRP_257_v1.3.0", "Chum_AHRP_257_v1.3.0", "Chum_AHRP_257_v1.3.0"
),